2.0000000e+000  1.2340000e+001  2.3440000e+000 2.2340000e+001  1.3440000e+000
1.0000000e+000  6.0668000e+000  5.0770000e+000 1.5040000e+001  4.3440000e+000
2.0000000e+000  0.9400000e+001  3.3440000e+000 2.7340000e+001  4.0000000e+000
1.0000000e+000  5.0668000e+000  4.0770000e+000 0.7340000e+001  5.3440000e+000
2.0000000e+000  1.9400000e+000  2.3440000e+000 3.7340000e+001  4.2000000e+000
1.0000000e+000  5.3668000e+000  3.9770000e+000 0.9340000e+001  6.0440000e+000



2 1 2 3 4
1 5 3 4 3
2 1 3 2 4
1 6 8 2 1
2 6 4 2 1
1 8 5 2 4

1 1 5
1 2 4
1 4 2
1 5 1
2 1 1
2 2 2
2 4 4
2 5 5


4
7
9
3

0 3 5 1
3 0 2 4
5 2 0 6
1 4 6 0

3
5 2
1 4 6


Feature set {97 94 34 } was best, accuracy is 96.3333%



Best forward features
97 94 34 
97 94 34 
97 94 34 
97 94 
97 94 34 
97 94 34 
97 94 34 
97 94 34 
97 94 34 
14 30 52 10 62 13 26 29 36 80 41 5 50 11 63 59 25 8 47 83 3 55 17 34 33 40 24 0 66 68 72 43 12 22 77 67 1 7 21 48 

0 1 3 5 7 8 10 11 12 13 14 17 21 22 24 25 26 29 30 33 34 36 40 41 43 47 48 50 52 55 59 62 63 66 67 68 72 77 80 83 94 97 

***************************

Best backward features
11 13 14 16 17 18 19 23 26 27 29 30 32 33 36 37 44 45 47 50 51 56 57 58 59 62 64 65 66 67 68 71 72 73 74 75 77 79 82 83 87 88 90 91 93 94 96 98 99 
1 7 8 20 21 23 27 45 46 47 49 50 51 52 53 56 58 60 62 64 66 67 68 70 71 72 74 76 79 83 84 85 86 88 91 92 93 96 97 99 
3 4 14 32 35 38 43 47 49 52 55 63 64 71 74 75 79 83 86 87 91 96 98 
14 16 42 44 45 51 52 55 56 57 58 59 60 66 68 70 78 79 80 81 82 87 88 90 91 93 94 97 
1 2 3 7 12 13 14 16 18 19 21 23 26 27 28 29 30 32 33 35 38 50 54 55 56 58 59 61 62 63 64 66 68 70 71 74 75 76 77 79 80 81 83 88 89 91 93 95 96 99 
1 7 8 10 14 15 16 21 25 26 29 30 31 32 33 41 43 45 46 49 60 62 64 65 66 67 68 69 70 72 74 77 78 80 83 84 90 91 93 95 98 
0 1 3 4 5 6 7 8 9 10 13 14 18 19 21 23 25 26 27 28 29 33 35 36 38 42 45 47 48 49 50 52 53 57 58 59 70 74 75 76 78 79 80 82 83 84 85 86 87 88 89 91 92 93 94 95 96 97 99 
1 2 8 14 16 20 21 32 35 47 52 54 58 59 62 67 69 80 85 87 89 91 93 95 96 97 
1 3 4 5 7 9 10 11 13 14 16 17 18 20 21 23 26 27 29 31 33 34 35 39 41 42 43 44 47 48 49 50 51 52 54 55 57 59 60 61 62 63 64 66 67 68 69 70 71 73 75 78 79 90 91 93 94 95 96 97 99 
3 8 9 13 14 16 19 21 22 26 32 33 37 42 44 46 47 50 51 57 59 64 66 67 68 72 73 74 78 79 80 82 83 84 86 87 88 

0 1 2 3 4 5 6 7 8 9 10 11 12 13 14 15 16 17 18 19 20 21 22 23 25 26 27 28 29 30 31 32 33 34 35 36 37 38 39 41 42 43 44 45 46 47 48 49 50 51 52 53 54 55 56 57 58 59 60 61 62 63 64 65 66 67 68 69 70 71 72 73 74 75 76 77 78 79 80 81 82 83 84 85 86 87 88 89 90 91 92 93 94 95 96 97 98 99
